$V02
1700000000,A,50.000000,30.000000,9000,500,0,100,0,NO20260101-120000-000001F.MP4,0,0,0
1700000001,V,0.000000,0.000000,0,0,0,100,0,NO20260101-120000-000001F.MP4,0,0,0

1700000002,A,50.000020,30.000040,9200,520,0,100,1,NO20260101-120000-000001F.MP4,0,0,0
1700000003,A,50.000030,30.000060,9300,530,2,98
1700000004,A,50.000040,30.000080,9400,540,0,101,-1,NO20260101-120000-000001F.MP4,0,0,0,EXTRA
notanumber,A,50.000050,30.000100,9500,550,0,100,0,NO20260101-120000-000001F.MP4,0,0,0
1700000005,A,not_a_lat,30.000120,9600,560,0,100,0,NO20260101-120000-000001F.MP4,0,0,0
1700000006,X,50.000060,30.000140,9700,570,0,100,0,NO20260101-120000-000001F.MP4,0,0,0
1700000007,A,50.000070,30.000160,9800,580,0,100,0,NO20260101-120000-000001F.MP4,0,0,0
